Checkpoint.x
0
0
0
0
Checkpoint.x
-5.04477
0
162.573
-0.995721
Checkpoint.x
-24.6046
0
391.82
-0.000003
Checkpoint.x
270.676
0
611.173
76.988617
Checkpoint.x
405.778
0
298.498
-0.000003
Checkpoint.x
437.322
0
-292.22
-0.000003
Checkpoint.x
165.987
0
-532.297
65.389225
Checkpoint.x
11.1798
0
-228.144
-0.000003
Wall.x
-30.6824
0
337.324
-0.000003
Wall.x
-30.7057
0
327.797
-0.000003
Wall.x
-30.7788
0
318.646
-0.000003
Wall.x
-12.1626
0
339.289
-0.000003
Wall.x
-12.2252
0
329.968
-0.000003
Wall.x
-12.2573
0
320.421
-0.000003
IsleCorner.x
-31.8328
0
310.712
-88.636754
IsleCorner.x
-11.9861
0
310.342
-0.000003
TankSmall2.x
88.2628
0
516.086
-0.000003
TankSmall2.x
416.698
0
493.461
-0.000003
TankSmall1.x
374.755
0
94.0594
-0.000003
TankSmall1.x
398.871
0
-422.932
-0.000003
TankLarge2.x
396.172
-5
-72.7638
-0.000003
TankLarge2.x
315.837
-5
-496.85
-0.000003
Tribune1.x
-71.7439
0
-114.707
-0.000003
Tribune1.x
-75.0378
0
-76.0704
-0.000003
GarageSmall.x
-68.0464
0
-24.1165
81.593513
GarageSmall.x
-67.0313
0
-12.014
79.918820
GarageSmall.x
-66.0282
0
2.72843
76.977709
SpeedPacket.x
-6.53177
0
86.739
-0.000003
SpeedPacket.x
401.945
0
398.083
-7.028090
Waypoint.x
-2.93795
0
39.0768
-0.000003
Waypoint.x
-5.03744
0
145.728
-0.000003
Waypoint.x
-8.81648
0
175.715
-0.000003
Waypoint.x
-12.2091
0
199.865
-0.000003
Waypoint.x
-15.8726
0
227.78
-0.000003
Waypoint.x
-19.3376
0
264.005
-0.000003
Waypoint.x
-23.6606
0
331.494
-0.000003
Waypoint.x
-23.4085
0
392.668
-0.000003
Waypoint.x
-11.8282
0
428.988
-0.000003
Waypoint.x
22.8381
0
459.179
-0.000003
Waypoint.x
165.271
0
549.226
-0.000003
Waypoint.x
224.59
0
589.122
-0.000003
Waypoint.x
267.722
0
609.394
-0.000003
Waypoint.x
289.567
0
613.173
-0.000003
Waypoint.x
303.885
0
608.494
-0.000003
Waypoint.x
313.982
0
602.625
-0.000003
Waypoint.x
326.507
0
591.252
-0.000003
Waypoint.x
338.348
0
576.795
-0.000003
Waypoint.x
349.054
0
560.045
-0.000003
Waypoint.x
358.934
0
539.194
-0.000003
Waypoint.x
369.331
0
504.981
-0.000003
Waypoint.x
384.889
0
414.294
-0.000003
Waypoint.x
393.828
0
352.831
-0.000003
Waypoint.x
413.389
0
195.142
-0.000003
Waypoint.x
423.617
0
-81.7499
-0.000003
Waypoint.x
427.337
0
-255.002
-0.000003
Waypoint.x
429.964
0
-302.307
-0.000003
Waypoint.x
405.927
0
-346.194
-0.000003
Waypoint.x
332.018
0
-424.451
-0.000003
Waypoint.x
250.229
0
-481.306
-0.000003
Waypoint.x
206.368
0
-511.373
-0.000003
Waypoint.x
163.446
0
-533.093
-0.000003
Waypoint.x
141.609
0
-528.778
-0.000003
Waypoint.x
123.91
0
-504.166
-0.000003
Waypoint.x
98.0059
0
-459.806
-0.000003
Waypoint.x
42.2969
0
-328.199
-0.000003
Waypoint.x
26.149
0
-279.359
-0.000003
Waypoint.x
15.406
0
-239.031
-0.000003